4.99967488E+001	3.56447559E+003
5.19252156E+001	3.55781006E+003
5.38536824E+001	3.53820728E+003
5.57821492E+001	3.59831226E+003
5.77106160E+001	3.73579004E+003
5.96390828E+001	3.75592139E+003
6.15675496E+001	3.64805908E+003
6.34960164E+001	3.58465430E+003
6.54244832E+001	3.59548682E+003
6.73529500E+001	3.59177832E+003
6.92814167E+001	3.60260815E+003
7.12098835E+001	3.59641992E+003
7.31383503E+001	3.59316748E+003
7.50668171E+001	3.58449829E+003
7.69952839E+001	3.50053564E+003
7.89237507E+001	3.45347119E+003
8.08522175E+001	3.46650293E+003
8.27806843E+001	3.48225122E+003
8.47091511E+001	3.43848853E+003
8.66376179E+001	3.37438672E+003
8.85660847E+001	3.36150171E+003
9.04945515E+001	3.39042041E+003
9.24230183E+001	3.39305664E+003
9.43514851E+001	3.28868579E+003
9.62799519E+001	3.24089209E+003
9.82084187E+001	3.21384644E+003
1.00136885E+002	3.18517188E+003
1.02065352E+002	3.16162549E+003
1.03993819E+002	3.18797852E+003
1.05922286E+002	3.21079126E+003
1.07850753E+002	3.15346094E+003
1.09779219E+002	3.07193970E+003
1.11707686E+002	3.03321118E+003
1.13636153E+002	3.02041870E+003
1.15564620E+002	3.00791919E+003
1.17493087E+002	2.99637988E+003
1.19421553E+002	2.98144482E+003
1.21350020E+002	2.95694702E+003
1.23278487E+002	2.92106934E+003
1.25206954E+002	2.87780957E+003
1.27135421E+002	2.83719043E+003
1.29063887E+002	2.81785889E+003
1.30992354E+002	2.83468970E+003
1.32920821E+002	2.80433057E+003
1.34849288E+002	2.74792017E+003
1.36777755E+002	2.72511914E+003
1.38706221E+002	2.74272192E+003
1.40634688E+002	2.72763550E+003
1.42563155E+002	2.69091089E+003
1.44491622E+002	2.64143433E+003
1.46420089E+002	2.61014111E+003
1.48348555E+002	2.60801221E+003
1.50277022E+002	2.59309741E+003
1.52205489E+002	2.56897510E+003
1.54133956E+002	2.55572485E+003
1.56062423E+002	2.54457959E+003
1.57990889E+002	2.51964697E+003
1.59919356E+002	2.48064209E+003
1.61847823E+002	2.45389014E+003
1.63776290E+002	2.44305811E+003
1.65704757E+002	2.44029297E+003
1.67633223E+002	2.42750830E+003
1.69561690E+002	2.36251416E+003
1.71490157E+002	2.37908374E+003
1.73418624E+002	2.37822461E+003
1.75347091E+002	2.33863501E+003
1.77275557E+002	2.30924365E+003
1.79204024E+002	2.30662622E+003
1.81132491E+002	2.28991846E+003
1.83060958E+002	2.28536646E+003
1.84989425E+002	2.28847021E+003
1.86917891E+002	2.26308887E+003
1.88846358E+002	2.23510229E+003
1.90774825E+002	2.22678394E+003
1.92703292E+002	2.21215894E+003
1.94631759E+002	2.18383594E+003
1.96560225E+002	2.16623047E+003
1.98488692E+002	2.16849951E+003
2.00417159E+002	2.16188330E+003
2.02345626E+002	2.15063135E+003
2.04274093E+002	2.13828882E+003
2.06202559E+002	2.11897412E+003
2.08131026E+002	2.12413159E+003
2.10059493E+002	2.10523242E+003
2.11987960E+002	2.10171655E+003
2.13916427E+002	2.11829297E+003
2.15844893E+002	2.07428345E+003
2.17773360E+002	2.10163428E+003
2.19701827E+002	2.09989453E+003
2.21630294E+002	2.07004834E+003
2.23558760E+002	2.03731921E+003
2.25487227E+002	2.01883008E+003
2.27415694E+002	2.01246484E+003
2.29344161E+002	2.01290833E+003
2.31272628E+002	2.01885571E+003
2.33201094E+002	2.02341602E+003
2.35129561E+002	2.00812549E+003
2.37058028E+002	1.99982935E+003
2.38986495E+002	2.00767834E+003
2.40914962E+002	2.00964990E+003
2.42843428E+002	1.99842200E+003
2.44771895E+002	2.01253882E+003
2.46700362E+002	1.99811682E+003
2.48628829E+002	2.00418115E+003
2.50557296E+002	2.01927917E+003
2.52485762E+002	2.01860303E+003
2.54414229E+002	1.98983618E+003
2.56342696E+002	1.96146362E+003
2.58271163E+002	1.97020093E+003
2.60199630E+002	1.99068628E+003
2.62128096E+002	1.99567407E+003
2.64056563E+002	1.98997034E+003
2.65985030E+002	1.99753418E+003
2.67913497E+002	1.99735352E+003
2.69841964E+002	1.98677197E+003
2.71770430E+002	1.97223584E+003
2.73698897E+002	1.96598340E+003
2.75627364E+002	1.97107422E+003
2.77555831E+002	1.97299841E+003
2.79484298E+002	1.96244531E+003
2.81412764E+002	1.94856714E+003
2.83341231E+002	1.96072827E+003
2.85269698E+002	1.98626709E+003
2.87198165E+002	2.00219360E+003
2.89126632E+002	2.00632617E+003
2.91055098E+002	1.99921216E+003
2.92983565E+002	1.98096338E+003
2.94912032E+002	1.96229822E+003
2.96840499E+002	1.97253467E+003
2.98768966E+002	1.99648438E+003
3.00697432E+002	2.00891687E+003
3.02625899E+002	1.99206616E+003
3.04554366E+002	1.99246802E+003
3.06482833E+002	1.99017456E+003
3.08411300E+002	1.99106421E+003
3.10339766E+002	1.99595117E+003
3.12268233E+002	2.00056689E+003
3.14196700E+002	2.00341150E+003
3.16125167E+002	2.01174438E+003
3.18053634E+002	2.01165308E+003
3.19982100E+002	2.00613940E+003
3.21910567E+002	2.00266956E+003
3.23839034E+002	1.98649585E+003
3.25767501E+002	1.99634351E+003
3.27695968E+002	1.99762280E+003
3.29624434E+002	2.00009302E+003
3.31552901E+002	2.01755127E+003
3.33481368E+002	2.02748230E+003
3.35409835E+002	2.02199951E+003
3.37338302E+002	2.03544836E+003
3.39266768E+002	2.02976770E+003
3.41195235E+002	1.99582275E+003
3.43123702E+002	1.99837793E+003
3.45052169E+002	2.02431921E+003
3.46980635E+002	2.04472412E+003
3.48909102E+002	2.04451563E+003
3.50837569E+002	2.02980469E+003
3.52766036E+002	2.02541772E+003
3.54694503E+002	2.05381885E+003
3.56622969E+002	2.06925830E+003
3.58551436E+002	2.08222559E+003
3.60479903E+002	2.08516528E+003
3.62408370E+002	2.06672095E+003
3.64336837E+002	2.06366846E+003
3.66265303E+002	2.07312964E+003
3.68193770E+002	2.06549878E+003
3.70122237E+002	2.06223853E+003
3.72050704E+002	2.08229761E+003
3.73979171E+002	2.08703076E+003
3.75907637E+002	2.09833716E+003
3.77836104E+002	2.10031079E+003
3.79764571E+002	2.10546582E+003
3.81693038E+002	2.11714795E+003
3.83621505E+002	2.11808545E+003
3.85549971E+002	2.10579395E+003
3.87478438E+002	2.11444238E+003
3.89406905E+002	2.13574927E+003
3.91335372E+002	2.14906030E+003
3.93263839E+002	2.14067700E+003
3.95192305E+002	2.14423926E+003
3.97120772E+002	2.16158984E+003
3.99049239E+002	2.18864771E+003
4.00977706E+002	2.19906055E+003
4.02906173E+002	2.17917505E+003
4.04834639E+002	2.16265527E+003
4.06763106E+002	2.18983643E+003
4.08691573E+002	2.22903711E+003
4.10620040E+002	2.25061133E+003
4.12548507E+002	2.25629053E+003
4.14476973E+002	2.27441333E+003
4.16405440E+002	2.26162622E+003
4.18333907E+002	2.27107080E+003
4.20262374E+002	2.28277588E+003
4.22190841E+002	2.29219507E+003
4.24119307E+002	2.30675488E+003
4.26047774E+002	2.32716187E+003
4.27976241E+002	2.31692017E+003
4.29904708E+002	2.31901953E+003
4.31833175E+002	2.34854688E+003
4.33761641E+002	2.37493311E+003
4.35690108E+002	2.33732642E+003
4.37618575E+002	2.36653467E+003
4.39547042E+002	2.38268457E+003
4.41475509E+002	2.40848706E+003
4.43403975E+002	2.43421753E+003
4.45332442E+002	2.43484570E+003
4.47260909E+002	2.44145874E+003
4.49189376E+002	2.43244751E+003
4.51117843E+002	2.44630811E+003
4.53046309E+002	2.46070166E+003
4.54974776E+002	2.46710156E+003
4.56903243E+002	2.50333789E+003
4.58831710E+002	2.54538037E+003
4.60760177E+002	2.55748877E+003
4.62688643E+002	2.56551855E+003
4.64617110E+002	2.58659375E+003
4.66545577E+002	2.61632739E+003
4.68474044E+002	2.62470166E+003
4.70402510E+002	2.64326538E+003
4.72330977E+002	2.64492627E+003
4.74259444E+002	2.64837256E+003
4.76187911E+002	2.66130176E+003
4.78116378E+002	2.66529858E+003
4.80044844E+002	2.70297998E+003
4.81973311E+002	2.69579541E+003
4.83901778E+002	2.67338281E+003
4.85830245E+002	2.67128662E+003
4.87758712E+002	2.70166431E+003
4.89687178E+002	2.72995166E+003
4.91615645E+002	2.72746387E+003
4.93544112E+002	2.71103906E+003
4.95472579E+002	2.70025854E+003
4.97401046E+002	2.69679565E+003
4.99329512E+002	2.68577466E+003
5.01257979E+002	2.66187549E+003
5.03186446E+002	2.65335229E+003
5.05114913E+002	2.65569800E+003
5.07043380E+002	2.64248999E+003
5.08971846E+002	2.60161108E+003
5.10900313E+002	2.55793970E+003
5.12828780E+002	2.54972656E+003
5.14757247E+002	2.52347681E+003
5.16685714E+002	2.49913037E+003
5.18614180E+002	2.46284961E+003
5.20542647E+002	2.40261768E+003
5.22471114E+002	2.37471240E+003
5.24399581E+002	2.33498389E+003
5.26328048E+002	2.32520068E+003
5.28256514E+002	2.30576465E+003
5.30184981E+002	2.25647144E+003
5.32113448E+002	2.19609106E+003
5.34041915E+002	2.15178320E+003
5.35970382E+002	2.11384961E+003
5.37898848E+002	2.08317163E+003
5.39827315E+002	2.05936011E+003
5.41755782E+002	2.03516541E+003
5.43684249E+002	1.99977173E+003
5.45612716E+002	1.96959912E+003
5.47541182E+002	1.95116455E+003
5.49469649E+002	1.93214038E+003
5.51398116E+002	1.91739771E+003
5.53326583E+002	1.91182861E+003
5.55255050E+002	1.90401465E+003
5.57183516E+002	1.87393140E+003
5.59111983E+002	1.85067725E+003
5.61040450E+002	1.84260291E+003
5.62968917E+002	1.84261865E+003
5.64897384E+002	1.83387256E+003
5.66825850E+002	1.80038794E+003
5.68754317E+002	1.79406982E+003
5.70682784E+002	1.79691150E+003
5.72611251E+002	1.78506543E+003
5.74539718E+002	1.76154224E+003
5.76468184E+002	1.73994690E+003
5.78396651E+002	1.70372827E+003
5.80325118E+002	1.67985962E+003
5.82253585E+002	1.65503577E+003
5.84182052E+002	1.62279895E+003
5.86110518E+002	1.58461121E+003
5.88038985E+002	1.55145837E+003
5.89967452E+002	1.54548242E+003
5.91895919E+002	1.50545886E+003
5.93824385E+002	1.49238904E+003
5.95752852E+002	1.47868799E+003
5.97681319E+002	1.45513843E+003
5.99609786E+002	1.44409729E+003
6.01538253E+002	1.43330676E+003
6.03466719E+002	1.42449634E+003
6.05395186E+002	1.41808459E+003
6.07323653E+002	1.40911768E+003
6.09252120E+002	1.39519104E+003
6.11180587E+002	1.37969885E+003
6.13109053E+002	1.37109778E+003
6.15037520E+002	1.38483740E+003
6.16965987E+002	1.40454541E+003
6.18894454E+002	1.40056628E+003
6.20822921E+002	1.37838525E+003
6.22751387E+002	1.36979224E+003
6.24679854E+002	1.35375769E+003
6.26608321E+002	1.36613770E+003
6.28536788E+002	1.37511682E+003
6.30465255E+002	1.36404639E+003
6.32393721E+002	1.34281567E+003
6.34322188E+002	1.32998413E+003
6.36250655E+002	1.29859497E+003
6.38179122E+002	1.28991699E+003
6.40107589E+002	1.28038965E+003
6.42036055E+002	1.26244238E+003
6.43964522E+002	1.24364404E+003
6.45892989E+002	1.23546973E+003
6.47821456E+002	1.23073157E+003
6.49749923E+002	1.23131592E+003
6.51678389E+002	1.21167151E+003
6.53606856E+002	1.19328918E+003
6.55535323E+002	1.18883044E+003
6.57463790E+002	1.18707715E+003
6.59392257E+002	1.16065918E+003
6.61320723E+002	1.14118262E+003
6.63249190E+002	1.14708386E+003
6.65177657E+002	1.14491406E+003
6.67106124E+002	1.13157544E+003
6.69034591E+002	1.12449573E+003
6.70963057E+002	1.12305627E+003
6.72891524E+002	1.10778687E+003
6.74819991E+002	1.09721631E+003
6.76748458E+002	1.09939612E+003
6.78676925E+002	1.10468909E+003
6.80605391E+002	1.10053955E+003
6.82533858E+002	1.08762695E+003
6.84462325E+002	1.08226831E+003
6.86390792E+002	1.07879980E+003
6.88319259E+002	1.07115625E+003
6.90247725E+002	1.06085803E+003
6.92176192E+002	1.05055933E+003
6.94104659E+002	1.04190344E+003
6.96033126E+002	1.04667395E+003
6.97961593E+002	1.02926221E+003
6.99890059E+002	1.02484351E+003
7.01818526E+002	1.02893970E+003
7.03746993E+002	1.02419849E+003
7.05675460E+002	1.00898145E+003
7.07603927E+002	1.02473413E+003
7.09532393E+002	1.01929919E+003
7.11460860E+002	1.00373450E+003
7.13389327E+002	9.91004639E+002
7.15317794E+002	9.82489197E+002
7.17246260E+002	9.75140869E+002
7.19174727E+002	9.72437317E+002
7.21103194E+002	9.59767944E+002
7.23031661E+002	9.48514099E+002
7.24960128E+002	9.43465637E+002
7.26888594E+002	9.42832947E+002
7.28817061E+002	9.40540222E+002
7.30745528E+002	9.31642700E+002
7.32673995E+002	9.22974304E+002
7.34602462E+002	9.40920044E+002
7.36530928E+002	9.10245667E+002
7.38459395E+002	8.96918335E+002
7.40387862E+002	9.17621521E+002
7.42316329E+002	9.22116028E+002
7.44244796E+002	8.90765381E+002
7.46173262E+002	8.80085571E+002
7.48101729E+002	8.79389832E+002
7.50030196E+002	8.68296143E+002
7.51958663E+002	8.56172241E+002
7.53887130E+002	8.56152588E+002
7.55815596E+002	8.59721252E+002
7.57744063E+002	8.46940186E+002
7.59672530E+002	8.43825867E+002
7.61600997E+002	8.22219971E+002
7.63529464E+002	8.27380371E+002
7.65457930E+002	8.32596680E+002
7.67386397E+002	7.92061462E+002
7.69314864E+002	8.02048157E+002
7.71243331E+002	7.81243713E+002
7.73171798E+002	7.78732544E+002
7.75100264E+002	7.72905823E+002
7.77028731E+002	7.60070679E+002
7.78957198E+002	7.46071167E+002
7.80885665E+002	7.31312439E+002
7.82814132E+002	7.12651062E+002
7.84742598E+002	6.94530884E+002
7.86671065E+002	6.81486206E+002
7.88599532E+002	6.69439148E+002
7.90527999E+002	6.57248535E+002
7.92456466E+002	6.49679321E+002
7.94384932E+002	6.49567139E+002
7.96313399E+002	6.05890015E+002
7.98241866E+002	5.95634888E+002
8.00170333E+002	5.97878479E+002
8.02098800E+002	6.03859619E+002
8.04027266E+002	6.01615723E+002
8.05955733E+002	5.81634644E+002
8.07884200E+002	5.66836914E+002
8.09812667E+002	5.74510010E+002
8.11741134E+002	5.55343384E+002
8.13669600E+002	5.33195374E+002
8.15598067E+002	5.29056885E+002
8.17526534E+002	5.41258057E+002
8.19455001E+002	5.48236084E+002
8.21383468E+002	5.33677246E+002
8.23311934E+002	5.19178467E+002
8.25240401E+002	5.33193298E+002
8.27168868E+002	5.46260132E+002
8.29097335E+002	5.41124695E+002
8.31025802E+002	5.35471375E+002
8.32954268E+002	5.58735901E+002
8.34882735E+002	5.43318726E+002
8.36811202E+002	5.33882568E+002
8.38739669E+002	5.38143372E+002
8.40668135E+002	5.48403381E+002
8.42596602E+002	5.50587402E+002
8.44525069E+002	5.43518066E+002
8.46453536E+002	5.47329834E+002
8.48382003E+002	5.49072998E+002
8.50310469E+002	5.52472046E+002
8.52238936E+002	5.64085327E+002
8.54167403E+002	5.79094055E+002
8.56095870E+002	5.87800781E+002
8.58024337E+002	5.85296875E+002
8.59952803E+002	5.79252075E+002
8.61881270E+002	5.85188660E+002
8.63809737E+002	5.97771729E+002
8.65738204E+002	6.07405396E+002
8.67666671E+002	6.01014160E+002
8.69595137E+002	5.98884888E+002
8.71523604E+002	6.17095154E+002
8.73452071E+002	6.13530518E+002
8.75380538E+002	6.18875122E+002
8.77309005E+002	6.22604614E+002
8.79237471E+002	6.23500366E+002
8.81165938E+002	6.33881958E+002
8.83094405E+002	6.46998047E+002
8.85022872E+002	6.52583374E+002
8.86951339E+002	6.67774414E+002
8.88879805E+002	6.83687744E+002
8.90808272E+002	6.90690186E+002
8.92736739E+002	7.00622925E+002
8.94665206E+002	6.98817993E+002
8.96593673E+002	6.95083862E+002
8.98522139E+002	7.07273438E+002
9.00450606E+002	7.23599731E+002
9.02379073E+002	7.37731812E+002
9.04307540E+002	7.56032776E+002
9.06236007E+002	7.59279724E+002
9.08164473E+002	7.65434692E+002
9.10092940E+002	7.91336487E+002
9.12021407E+002	8.27986145E+002
9.13949874E+002	8.44916260E+002
9.15878341E+002	8.44091980E+002
9.17806807E+002	8.61165527E+002
9.19735274E+002	8.92524536E+002
9.21663741E+002	9.18232910E+002
9.23592208E+002	9.29517090E+002
9.25520675E+002	9.33643127E+002
9.27449141E+002	9.45523682E+002
9.29377608E+002	9.71207886E+002
9.31306075E+002	9.92159668E+002
9.33234542E+002	9.87924561E+002
9.35163009E+002	9.96009155E+002
9.37091475E+002	1.01014178E+003
9.39019942E+002	1.01756152E+003
9.40948409E+002	1.02506641E+003
9.42876876E+002	1.04315149E+003
9.44805343E+002	1.03402991E+003
9.46733809E+002	1.05047241E+003
9.48662276E+002	1.04625049E+003
9.50590743E+002	1.05908813E+003
9.52519210E+002	1.09201062E+003
9.54447677E+002	1.11640747E+003
9.56376143E+002	1.13184924E+003
9.58304610E+002	1.15281396E+003
9.60233077E+002	1.16696069E+003
9.62161544E+002	1.19463953E+003
9.64090010E+002	1.23369629E+003
9.66018477E+002	1.25843018E+003
9.67946944E+002	1.27795044E+003
9.69875411E+002	1.32165771E+003
9.71803878E+002	1.34050903E+003
9.73732344E+002	1.38583118E+003
9.75660811E+002	1.43430200E+003
9.77589278E+002	1.46063367E+003
9.79517745E+002	1.47420264E+003
9.81446212E+002	1.49602869E+003
9.83374678E+002	1.51468799E+003
9.85303145E+002	1.48541260E+003
9.87231612E+002	1.45689832E+003
9.89160079E+002	1.42598157E+003
9.91088546E+002	1.41057056E+003
9.93017012E+002	1.41838843E+003
9.94945479E+002	1.42071973E+003
9.96873946E+002	1.41646582E+003
9.98802413E+002	1.42304321E+003
1.00073088E+003	1.40173120E+003
1.00265935E+003	1.38408911E+003
1.00458781E+003	1.35265039E+003
1.00651628E+003	1.37090063E+003
1.00844475E+003	1.38744763E+003
1.01037321E+003	1.39136011E+003
1.01230168E+003	1.39034277E+003
1.01423015E+003	1.37559143E+003
1.01615861E+003	1.38415088E+003
1.01808708E+003	1.38559741E+003
1.02001555E+003	1.37490405E+003
1.02194401E+003	1.37242163E+003
1.02387248E+003	1.38063354E+003
1.02580095E+003	1.38779175E+003
1.02772941E+003	1.38624133E+003
1.02965788E+003	1.38335010E+003
1.03158635E+003	1.38498486E+003
1.03351482E+003	1.38507251E+003
1.03544328E+003	1.39589502E+003
1.03737175E+003	1.40750269E+003
1.03930022E+003	1.39452100E+003
1.04122868E+003	1.38546753E+003
1.04315715E+003	1.40399011E+003
1.04508562E+003	1.40062378E+003
1.04701408E+003	1.39889160E+003
1.04894255E+003	1.41606946E+003
1.05087102E+003	1.40596631E+003
1.05279948E+003	1.38926221E+003
1.05472795E+003	1.36325830E+003
1.05665642E+003	1.34523169E+003
1.05858488E+003	1.35751306E+003
1.06051335E+003	1.37845679E+003
1.06244182E+003	1.36725574E+003
1.06437028E+003	1.37253833E+003
1.06629875E+003	1.33993152E+003
1.06822722E+003	1.32843457E+003
1.07015568E+003	1.31559607E+003
1.07208415E+003	1.28927649E+003
1.07401262E+003	1.27518372E+003
1.07594108E+003	1.28009253E+003
1.07786955E+003	1.24562646E+003
1.07979802E+003	1.24318958E+003
1.08172649E+003	1.23083423E+003
1.08365495E+003	1.20715894E+003
1.08558342E+003	1.19047131E+003
1.08751189E+003	1.17488611E+003
1.08944035E+003	1.14633362E+003
1.09136882E+003	1.11439392E+003
1.09329729E+003	1.09857910E+003
1.09522575E+003	1.09399072E+003
1.09715422E+003	1.08261133E+003
1.09908269E+003	1.05354626E+003
1.10101115E+003	1.04000134E+003
1.10293962E+003	1.02035059E+003
1.10486809E+003	9.93407471E+002
1.10679655E+003	9.98214172E+002
1.10872502E+003	9.93171509E+002
1.11065349E+003	9.50530151E+002
1.11258195E+003	9.19870300E+002
1.11451042E+003	8.99700928E+002
1.11643889E+003	8.82419922E+002
1.11836735E+003	8.67804321E+002
1.12029582E+003	8.63586792E+002
1.12222429E+003	8.60667236E+002
1.12415275E+003	8.26410522E+002
1.12608122E+003	7.86792236E+002
1.12800969E+003	7.79225830E+002
1.12993816E+003	7.61750549E+002
1.13186662E+003	7.52755981E+002
1.13379509E+003	7.34092102E+002
1.13572356E+003	7.13726807E+002
1.13765202E+003	6.99858521E+002
1.13958049E+003	6.78974426E+002
1.14150896E+003	6.67490784E+002
1.14343742E+003	6.48709961E+002
1.14536589E+003	6.36924316E+002
1.14729436E+003	6.13796875E+002
1.14922282E+003	6.06148865E+002
1.15115129E+003	6.03553528E+002
1.15307976E+003	5.87710876E+002
1.15500822E+003	5.62963623E+002
1.15693669E+003	5.46585815E+002
1.15886516E+003	5.33606323E+002
1.16079362E+003	5.15364807E+002
1.16272209E+003	5.04677307E+002
1.16465056E+003	4.95224030E+002
1.16657902E+003	4.89001831E+002
1.16850749E+003	4.89293030E+002
1.17043596E+003	4.80602661E+002
1.17236442E+003	4.58204559E+002
1.17429289E+003	4.57363556E+002
1.17622136E+003	4.39184235E+002
1.17814982E+003	4.31095337E+002
1.18007829E+003	4.25531311E+002
1.18200676E+003	4.15939301E+002
1.18393523E+003	4.14764435E+002
1.18586369E+003	4.14677856E+002
1.18779216E+003	4.05595825E+002
1.18972063E+003	3.93731079E+002
1.19164909E+003	3.87384460E+002
1.19357756E+003	3.81499817E+002
1.19550603E+003	3.78532196E+002
1.19743449E+003	3.78320496E+002
1.19936296E+003	3.73855682E+002
1.20129143E+003	3.67122437E+002
1.20321989E+003	3.57673401E+002
1.20514836E+003	3.45269348E+002
1.20707683E+003	3.42026550E+002
1.20900529E+003	3.61466980E+002
1.21093376E+003	3.49071075E+002
1.21286223E+003	3.51195435E+002
1.21479069E+003	3.44701447E+002
1.21671916E+003	3.38382629E+002
1.21864763E+003	3.33317505E+002
1.22057609E+003	3.31974182E+002
1.22250456E+003	3.35395050E+002
1.22443303E+003	3.36082825E+002
1.22636149E+003	3.24153015E+002
1.22828996E+003	3.13827820E+002
1.23021843E+003	3.25791321E+002
1.23214690E+003	3.15946289E+002
1.23407536E+003	3.19952454E+002
1.23600383E+003	3.20650635E+002
1.23793230E+003	3.21146942E+002
1.23986076E+003	3.21304321E+002
1.24178923E+003	3.23883972E+002
1.24371770E+003	3.36604401E+002
1.24564616E+003	3.18746887E+002
1.24757463E+003	3.22143921E+002
1.24950310E+003	3.21076660E+002
1.25143156E+003	3.27807220E+002
1.25336003E+003	3.33097900E+002
1.25528850E+003	3.23552826E+002
1.25721696E+003	3.10117065E+002
1.25914543E+003	3.10885559E+002
1.26107390E+003	3.22799133E+002
1.26300236E+003	3.26222992E+002
1.26493083E+003	3.25097717E+002
1.26685930E+003	3.21468597E+002
1.26878776E+003	3.34187866E+002
1.27071623E+003	3.23425232E+002
1.27264470E+003	3.17527740E+002
1.27457316E+003	3.22258545E+002
1.27650163E+003	3.25338470E+002
1.27843010E+003	3.24037598E+002
1.28035857E+003	3.26169678E+002
1.28228703E+003	3.28900269E+002
1.28421550E+003	3.25827393E+002
1.28614397E+003	3.31915588E+002
1.28807243E+003	3.32068207E+002
1.29000090E+003	3.21748108E+002
1.29192937E+003	3.20556549E+002
1.29385783E+003	3.19937744E+002
1.29578630E+003	3.24533539E+002
1.29771477E+003	3.38560913E+002
1.29964323E+003	3.37101074E+002
1.30157170E+003	3.27531952E+002
1.30350017E+003	3.38505493E+002
1.30542863E+003	3.12502228E+002
1.30735710E+003	3.21705200E+002
1.30928557E+003	3.30408508E+002
1.31121403E+003	3.26912689E+002
1.31314250E+003	3.26953888E+002
1.31507097E+003	3.34335602E+002
1.31699943E+003	3.38678925E+002
1.31892790E+003	3.38817047E+002
1.32085637E+003	3.39359283E+002
1.32278483E+003	3.36168762E+002
1.32471330E+003	3.32281921E+002
1.32664177E+003	3.33954346E+002
1.32857024E+003	3.24846130E+002
1.33049870E+003	3.39071960E+002
1.33242717E+003	3.49306793E+002
1.33435564E+003	3.46437988E+002
1.33628410E+003	3.43976471E+002
1.33821257E+003	3.40176849E+002
1.34014104E+003	3.43654114E+002
1.34206950E+003	3.47954407E+002
1.34399797E+003	3.57045532E+002
1.34592644E+003	3.40001831E+002
1.34785490E+003	3.40716248E+002
1.34978337E+003	3.51595337E+002
1.35171184E+003	3.53893097E+002
1.35364030E+003	3.50831146E+002
1.35556877E+003	3.48839844E+002
1.35749724E+003	3.50370300E+002
1.35942570E+003	3.60026245E+002
1.36135417E+003	3.58919800E+002
1.36328264E+003	3.60859650E+002
1.36521110E+003	3.59987335E+002
1.36713957E+003	3.46338898E+002
1.36906804E+003	3.52692261E+002
1.37099650E+003	3.63803223E+002
1.37292497E+003	3.65865906E+002
1.37485344E+003	3.62251373E+002
1.37678191E+003	3.62307556E+002
1.37871037E+003	3.68271118E+002
1.38063884E+003	3.72331512E+002
1.38256731E+003	3.64362823E+002
1.38449577E+003	3.62737671E+002
1.38642424E+003	3.73941498E+002
1.38835271E+003	3.75991547E+002
1.39028117E+003	3.83565430E+002
1.39220964E+003	3.76813232E+002
1.39413811E+003	3.64139038E+002
1.39606657E+003	3.66361206E+002
1.39799504E+003	3.73335266E+002
1.39992351E+003	3.65045898E+002
1.40185197E+003	3.64496246E+002
1.40378044E+003	3.84791321E+002
1.40570891E+003	3.81696381E+002
1.40763737E+003	3.82063843E+002
1.40956584E+003	3.85596710E+002
1.41149431E+003	3.79541382E+002
1.41342277E+003	3.67718872E+002
1.41535124E+003	3.71079132E+002
1.41727971E+003	3.87037567E+002
1.41920817E+003	3.89337067E+002
1.42113664E+003	3.77486908E+002
1.42306511E+003	3.78580261E+002
1.42499357E+003	3.68902832E+002
1.42692204E+003	3.99862854E+002
1.42885051E+003	3.91004272E+002
1.43077898E+003	3.94302063E+002
1.43270744E+003	3.86843018E+002
1.43463591E+003	3.90894470E+002
1.43656438E+003	3.95907166E+002
1.43849284E+003	3.98395935E+002
1.44042131E+003	4.01959991E+002
1.44234978E+003	4.05452118E+002
1.44427824E+003	4.07230011E+002
1.44620671E+003	4.06977753E+002
1.44813518E+003	4.04815887E+002
1.45006364E+003	4.00590820E+002
1.45199211E+003	3.98120728E+002
1.45392058E+003	4.06027893E+002
1.45584904E+003	4.04118591E+002
1.45777751E+003	3.93308197E+002
1.45970598E+003	3.97214355E+002
1.46163444E+003	3.89896667E+002
1.46356291E+003	3.85973267E+002
1.46549138E+003	4.01023376E+002
1.46741984E+003	3.92496338E+002
1.46934831E+003	3.94795776E+002
1.47127678E+003	3.95744965E+002
1.47320524E+003	4.00022614E+002
1.47513371E+003	3.88527405E+002
1.47706218E+003	3.79918365E+002
1.47899065E+003	3.80478394E+002
1.48091911E+003	3.71138855E+002
1.48284758E+003	3.70883240E+002
1.48477605E+003	3.86560242E+002
1.48670451E+003	3.80018494E+002
1.48863298E+003	3.62809265E+002
1.49056145E+003	3.80816162E+002
1.49248991E+003	3.75886108E+002
1.49441838E+003	3.56565796E+002
1.49634685E+003	3.45481934E+002
1.49827531E+003	3.49563019E+002
1.50020378E+003	3.44224854E+002
1.50213225E+003	3.50245514E+002
1.50406071E+003	3.54717224E+002
1.50598918E+003	3.47880615E+002
1.50791765E+003	3.32873657E+002
1.50984611E+003	3.27187469E+002
1.51177458E+003	3.39371796E+002
1.51370305E+003	3.46745544E+002
1.51563151E+003	3.33006653E+002
1.51755998E+003	3.34120026E+002
1.51948845E+003	3.31505402E+002
1.52141691E+003	3.37497192E+002
1.52334538E+003	3.06350159E+002
1.52527385E+003	3.17135986E+002
1.52720232E+003	3.20956696E+002
1.52913078E+003	3.21597351E+002
1.53105925E+003	3.27433075E+002
1.53298772E+003	3.21670898E+002
1.53491618E+003	3.12716766E+002
1.53684465E+003	3.11100098E+002
1.53877312E+003	3.10158142E+002
1.54070158E+003	3.12014709E+002
1.54263005E+003	3.11632324E+002
1.54455852E+003	3.00076965E+002
1.54648698E+003	3.13544373E+002
1.54841545E+003	3.03833130E+002
1.55034392E+003	2.96569763E+002
1.55227238E+003	3.23857147E+002
1.55420085E+003	3.24748901E+002
1.55612932E+003	3.18353973E+002
1.55805778E+003	3.08766663E+002
1.55998625E+003	3.03545746E+002
1.56191472E+003	2.99953918E+002
1.56384318E+003	2.95869019E+002
1.56577165E+003	3.00763611E+002
1.56770012E+003	3.05108978E+002
1.56962858E+003	3.04951996E+002
1.57155705E+003	2.98821472E+002
1.57348552E+003	2.93811005E+002
1.57541399E+003	3.02518799E+002
1.57734245E+003	2.99239349E+002
1.57927092E+003	2.93937836E+002
1.58119939E+003	2.92633331E+002
1.58312785E+003	2.93716827E+002
1.58505632E+003	2.90157318E+002
1.58698479E+003	2.90689606E+002
1.58891325E+003	2.96034393E+002
1.59084172E+003	2.98336121E+002
1.59277019E+003	3.01935059E+002
1.59469865E+003	3.06739594E+002
1.59662712E+003	2.96957550E+002
1.59855559E+003	2.90467957E+002
1.60048405E+003	2.98264984E+002
1.60241252E+003	3.03266052E+002
1.60434099E+003	2.96797272E+002
1.60626945E+003	2.93231812E+002
1.60819792E+003	2.99728302E+002
1.61012639E+003	2.92813507E+002
1.61205485E+003	3.01039703E+002
1.61398332E+003	2.97734009E+002
1.61591179E+003	2.92648193E+002
1.61784025E+003	2.93547485E+002
1.61976872E+003	2.86237762E+002
1.62169719E+003	2.86285950E+002
1.62362566E+003	2.86496399E+002
1.62555412E+003	2.79519531E+002
1.62748259E+003	2.78446198E+002
1.62941106E+003	2.97370422E+002
1.63133952E+003	3.02577484E+002
1.63326799E+003	2.92574829E+002
1.63519646E+003	2.99670410E+002
1.63712492E+003	2.95868988E+002
1.63905339E+003	2.91988708E+002
1.64098186E+003	2.94926392E+002
1.64291032E+003	2.84474396E+002
1.64483879E+003	2.83891235E+002
1.64676726E+003	2.97189880E+002
1.64869572E+003	2.99355133E+002
1.65062419E+003	2.93290466E+002
1.65255266E+003	2.90252014E+002
1.65448112E+003	2.94964081E+002
1.65640959E+003	3.00940979E+002
1.65833806E+003	3.03342804E+002
1.66026652E+003	3.09015442E+002
1.66219499E+003	3.09628296E+002
1.66412346E+003	3.03328674E+002
1.66605192E+003	3.00699921E+002
1.66798039E+003	2.91523285E+002
1.66990886E+003	3.02061218E+002
1.67183732E+003	3.00057312E+002
1.67376579E+003	2.96183350E+002
1.67569426E+003	2.97822906E+002
1.67762273E+003	3.04940918E+002
1.67955119E+003	3.06614990E+002
1.68147966E+003	2.98254059E+002
1.68340813E+003	2.98685120E+002
1.68533659E+003	2.95915741E+002
1.68726506E+003	3.04722870E+002
1.68919353E+003	2.95133972E+002
1.69112199E+003	2.84590607E+002
1.69305046E+003	3.03325073E+002
1.69497893E+003	3.16240906E+002
1.69690739E+003	3.07146912E+002
1.69883586E+003	3.16559845E+002
1.70076433E+003	3.16043121E+002
1.70269279E+003	3.10539154E+002
1.70462126E+003	3.04902252E+002
1.70654973E+003	3.11949341E+002
1.70847819E+003	3.09181183E+002
1.71040666E+003	3.05241516E+002
1.71233513E+003	3.19574341E+002
1.71426359E+003	3.31096436E+002
1.71619206E+003	3.29751678E+002
1.71812053E+003	3.24803314E+002
1.72004899E+003	3.12858887E+002
1.72197746E+003	3.08988983E+002
1.72390593E+003	3.19753845E+002
1.72583440E+003	3.20866089E+002
1.72776286E+003	3.14838531E+002
1.72969133E+003	3.13397278E+002
1.73161980E+003	3.17681091E+002
1.73354826E+003	3.07212158E+002
1.73547673E+003	3.14613953E+002
1.73740520E+003	3.31579956E+002
1.73933366E+003	3.26057831E+002
1.74126213E+003	3.17741425E+002
1.74319060E+003	3.21687439E+002
1.74511906E+003	3.28116882E+002
1.74704753E+003	3.27528320E+002
1.74897600E+003	3.24147095E+002
1.75090446E+003	3.22977692E+002
1.75283293E+003	3.17726166E+002
1.75476140E+003	3.14351929E+002
1.75668986E+003	3.21980164E+002
1.75861833E+003	3.22466766E+002
1.76054680E+003	3.36455566E+002
1.76247526E+003	3.22627136E+002
1.76440373E+003	3.23239563E+002
1.76633220E+003	3.12969116E+002
1.76826066E+003	3.22650177E+002
1.77018913E+003	3.29368042E+002
1.77211760E+003	3.25363770E+002
1.77404607E+003	3.26771698E+002
1.77597453E+003	3.22763062E+002
1.77790300E+003	3.23027405E+002
1.77983147E+003	3.22115631E+002
1.78175993E+003	3.15109680E+002
1.78368840E+003	3.20890137E+002
1.78561687E+003	3.31645599E+002
1.78754533E+003	3.30417206E+002
1.78947380E+003	3.27041107E+002
1.79140227E+003	3.14789673E+002
1.79333073E+003	3.04088013E+002
1.79525920E+003	3.23210419E+002
1.79718767E+003	3.30910400E+002
1.79911613E+003	3.23479248E+002
1.80104460E+003	3.20492310E+002
1.80297307E+003	3.19101990E+002
1.80490153E+003	3.32167908E+002
1.80683000E+003	3.28307648E+002
1.80875847E+003	3.30929565E+002
1.81068693E+003	3.42510071E+002
1.81261540E+003	3.37273956E+002
1.81454387E+003	3.32096771E+002
1.81647233E+003	3.33971008E+002
1.81840080E+003	3.34696045E+002
1.82032927E+003	3.32963715E+002
1.82225774E+003	3.26629852E+002
1.82418620E+003	3.36386627E+002
1.82611467E+003	3.39138550E+002
1.82804314E+003	3.26875885E+002
1.82997160E+003	3.26586578E+002
1.83190007E+003	3.35409058E+002
1.83382854E+003	3.52860046E+002
1.83575700E+003	3.45700745E+002
1.83768547E+003	3.37010742E+002
1.83961394E+003	3.39492432E+002
1.84154240E+003	3.39992126E+002
1.84347087E+003	3.35890930E+002
1.84539934E+003	3.29746765E+002
1.84732780E+003	3.34598572E+002
1.84925627E+003	3.43363434E+002
1.85118474E+003	3.43918762E+002
1.85311320E+003	3.34712341E+002
1.85504167E+003	3.27901001E+002
1.85697014E+003	3.49757599E+002
1.85889860E+003	3.47868713E+002
1.86082707E+003	3.38172333E+002
1.86275554E+003	3.37849487E+002
1.86468400E+003	3.40216949E+002
1.86661247E+003	3.41234711E+002
1.86854094E+003	3.44338379E+002
1.87046941E+003	3.43666229E+002
1.87239787E+003	3.36911163E+002
1.87432634E+003	3.42790894E+002
1.87625481E+003	3.50931641E+002
1.87818327E+003	3.45277710E+002
1.88011174E+003	3.44285858E+002
1.88204021E+003	3.44644043E+002
1.88396867E+003	3.53581085E+002
1.88589714E+003	3.54270874E+002
1.88782561E+003	3.59672821E+002
1.88975407E+003	3.45481079E+002
1.89168254E+003	3.49480103E+002
1.89361101E+003	3.49657410E+002
1.89553947E+003	3.44910034E+002
1.89746794E+003	3.58441711E+002
1.89939641E+003	3.61034210E+002
1.90132487E+003	3.44974945E+002
1.90325334E+003	3.58342865E+002
1.90518181E+003	3.45020660E+002
1.90711027E+003	3.55984619E+002
1.90903874E+003	3.53598907E+002
1.91096721E+003	3.51752197E+002
1.91289567E+003	3.51702454E+002
1.91482414E+003	3.49121490E+002
1.91675261E+003	3.42393616E+002
1.91868107E+003	3.46162537E+002
1.92060954E+003	3.58283142E+002
1.92253801E+003	3.57423523E+002
1.92446648E+003	3.47003906E+002
1.92639494E+003	3.46129791E+002
1.92832341E+003	3.50625000E+002
1.93025188E+003	3.48774139E+002
1.93218034E+003	3.49608856E+002
1.93410881E+003	3.54797668E+002
1.93603728E+003	3.49528198E+002
1.93796574E+003	3.44092743E+002
1.93989421E+003	3.49792603E+002
1.94182268E+003	3.52402313E+002
1.94375114E+003	3.58785706E+002
1.94567961E+003	3.66819855E+002
1.94760808E+003	3.64883179E+002
1.94953654E+003	3.53501770E+002
1.95146501E+003	3.66079865E+002
1.95339348E+003	3.64137238E+002
1.95532194E+003	3.51228333E+002
1.95725041E+003	3.54682129E+002
1.95917888E+003	3.54716705E+002
1.96110734E+003	3.56942444E+002
1.96303581E+003	3.79207764E+002
1.96496428E+003	3.61521118E+002
1.96689274E+003	3.55830444E+002
1.96882121E+003	3.73071350E+002
1.97074968E+003	3.67016541E+002
1.97267815E+003	3.57259766E+002
1.97460661E+003	3.54531555E+002
1.97653508E+003	3.70872467E+002
1.97846355E+003	3.74989838E+002
1.98039201E+003	3.64667267E+002
1.98232048E+003	3.64786377E+002
1.98424895E+003	3.62818970E+002
1.98617741E+003	3.56559143E+002
1.98810588E+003	3.77327454E+002
1.99003435E+003	3.77517090E+002
1.99196281E+003	3.58730713E+002
1.99389128E+003	3.73364380E+002
1.99581975E+003	3.82360779E+002
1.99774821E+003	3.69272583E+002
1.99967668E+003	3.70791504E+002
2.00160515E+003	3.69710022E+002
2.00353361E+003	3.67237610E+002
2.00546208E+003	3.74498108E+002
2.00739055E+003	3.68947693E+002
2.00931901E+003	3.69700745E+002
2.01124748E+003	3.67005249E+002
2.01317595E+003	3.62400452E+002
2.01510441E+003	3.72983826E+002
2.01703288E+003	3.85852386E+002
2.01896135E+003	3.82340179E+002
2.02088982E+003	3.76100159E+002
2.02281828E+003	3.81379364E+002
2.02474675E+003	3.91554260E+002
2.02667522E+003	3.80661041E+002
2.02860368E+003	3.66634613E+002
2.03053215E+003	3.69126465E+002
2.03246062E+003	3.75739532E+002
2.03438908E+003	3.87197632E+002
2.03631755E+003	3.79934692E+002
2.03824602E+003	3.88536865E+002
2.04017448E+003	3.92244843E+002
2.04210295E+003	3.81227539E+002
2.04403142E+003	3.92558228E+002
2.04595988E+003	3.99043396E+002
2.04788835E+003	3.81497620E+002
2.04981682E+003	3.85274567E+002
2.05174528E+003	3.87306396E+002
2.05367375E+003	4.00516296E+002
2.05560222E+003	3.99990326E+002
2.05753068E+003	3.90726074E+002
2.05945915E+003	3.89054993E+002
2.06138762E+003	3.88101685E+002
2.06331608E+003	3.98357727E+002
2.06524455E+003	3.98735199E+002
2.06717302E+003	3.94446991E+002
2.06910149E+003	3.95801392E+002
2.07102995E+003	3.94698456E+002
2.07295842E+003	3.94843781E+002
2.07488689E+003	3.94274780E+002
2.07681535E+003	3.94779236E+002
2.07874382E+003	3.97228973E+002
2.08067229E+003	3.96377136E+002
2.08260075E+003	3.78396301E+002
2.08452922E+003	3.85959991E+002
2.08645769E+003	4.03964600E+002
2.08838615E+003	4.01477844E+002
2.09031462E+003	3.94802216E+002
2.09224309E+003	3.97603912E+002
2.09417155E+003	4.02914001E+002
2.09610002E+003	4.04116547E+002
2.09802849E+003	4.02132996E+002
2.09995695E+003	4.00772919E+002
2.10188542E+003	4.00093109E+002
2.10381389E+003	3.93954651E+002
2.10574235E+003	3.99750946E+002
2.10767082E+003	4.09530273E+002
2.10959929E+003	4.00909943E+002
2.11152775E+003	3.97087769E+002
2.11345622E+003	4.09797668E+002
2.11538469E+003	4.11794556E+002
2.11731316E+003	4.00409424E+002
2.11924162E+003	3.99691010E+002
2.12117009E+003	4.05024292E+002
2.12309856E+003	4.10962006E+002
2.12502702E+003	4.06332550E+002
2.12695549E+003	4.04651550E+002
2.12888396E+003	4.15010254E+002
2.13081242E+003	4.16132935E+002
2.13274089E+003	4.11467377E+002
2.13466936E+003	4.18899536E+002
2.13659782E+003	4.31640442E+002
2.13852629E+003	4.28787109E+002
2.14045476E+003	4.07510986E+002
2.14238322E+003	4.24120117E+002
2.14431169E+003	4.23673462E+002
2.14624016E+003	4.14900574E+002
2.14816862E+003	4.24035126E+002
2.15009709E+003	4.22227844E+002
2.15202556E+003	4.16382324E+002
2.15395402E+003	4.16726501E+002
2.15588249E+003	4.15087433E+002
2.15781096E+003	4.17223206E+002
2.15973942E+003	4.23877441E+002
2.16166789E+003	4.28658630E+002
2.16359636E+003	4.22730682E+002
2.16552482E+003	4.11115692E+002
2.16745329E+003	4.16376404E+002
2.16938176E+003	4.32128326E+002
2.17131023E+003	4.25732971E+002
2.17323869E+003	4.18374054E+002
2.17516716E+003	4.28292419E+002
2.17709563E+003	4.20049194E+002
2.17902409E+003	4.20065033E+002
2.18095256E+003	4.27885132E+002
2.18288103E+003	4.23321533E+002
2.18480949E+003	4.25426422E+002
2.18673796E+003	4.30510132E+002
2.18866643E+003	4.32926514E+002
2.19059489E+003	4.33652222E+002
2.19252336E+003	4.25572845E+002
2.19445183E+003	4.30417267E+002
2.19638029E+003	4.39026184E+002
2.19830876E+003	4.31450714E+002
2.20023723E+003	4.35944489E+002
2.20216569E+003	4.39926636E+002
2.20409416E+003	4.30476257E+002
2.20602263E+003	4.28905640E+002
2.20795109E+003	4.27168365E+002
2.20987956E+003	4.23752441E+002
2.21180803E+003	4.32227478E+002
2.21373649E+003	4.29550354E+002
2.21566496E+003	4.25718933E+002
2.21759343E+003	4.53569000E+002
2.21952190E+003	4.51295593E+002
2.22145036E+003	4.41015228E+002
2.22337883E+003	4.39873230E+002
2.22530730E+003	4.54834534E+002
2.22723576E+003	4.36173767E+002
2.22916423E+003	4.37430298E+002
2.23109270E+003	4.43065430E+002
2.23302116E+003	4.34887238E+002
2.23494963E+003	4.33714691E+002
2.23687810E+003	4.39954956E+002
2.23880656E+003	4.43561829E+002
2.24073503E+003	4.54632782E+002
2.24266350E+003	4.60508270E+002
2.24459196E+003	4.52565918E+002
2.24652043E+003	4.42348633E+002
2.24844890E+003	4.44939941E+002
2.25037736E+003	4.52040558E+002
2.25230583E+003	4.55994934E+002
2.25423430E+003	4.42703705E+002
2.25616276E+003	4.34482758E+002
2.25809123E+003	4.39886475E+002
2.26001970E+003	4.54810516E+002
2.26194816E+003	4.52082306E+002
2.26387663E+003	4.49693665E+002
2.26580510E+003	4.61317749E+002
2.26773357E+003	4.71827087E+002
2.26966203E+003	4.76184753E+002
2.27159050E+003	4.63135620E+002
2.27351897E+003	4.53814667E+002
2.27544743E+003	4.49518158E+002
2.27737590E+003	4.53241638E+002
2.27930437E+003	4.55949219E+002
2.28123283E+003	4.67793640E+002
2.28316130E+003	4.74107758E+002
2.28508977E+003	4.60350525E+002
2.28701823E+003	4.53956451E+002
2.28894670E+003	4.61143036E+002
2.29087517E+003	4.70351318E+002
2.29280363E+003	4.70251526E+002
2.29473210E+003	4.56817047E+002
2.29666057E+003	4.71550842E+002
2.29858903E+003	4.70810089E+002
2.30051750E+003	4.67389435E+002
2.30244597E+003	4.78632660E+002
2.30437443E+003	4.68836304E+002
2.30630290E+003	4.74770172E+002
2.30823137E+003	4.78691284E+002
2.31015983E+003	4.80760437E+002
2.31208830E+003	4.80685333E+002
2.31401677E+003	4.70787537E+002
2.31594524E+003	4.66575562E+002
2.31787370E+003	4.71531311E+002
2.31980217E+003	4.87660950E+002
2.32173064E+003	5.06494720E+002
2.32365910E+003	5.06219452E+002
2.32558757E+003	5.19408875E+002
2.32751604E+003	5.19404419E+002
2.32944450E+003	5.05104034E+002
2.33137297E+003	5.03230103E+002
2.33330144E+003	4.94228333E+002
2.33522990E+003	4.88893188E+002
2.33715837E+003	4.82306763E+002
2.33908684E+003	4.76823944E+002
2.34101530E+003	4.86345612E+002
2.34294377E+003	4.99055664E+002
2.34487224E+003	4.96316040E+002
2.34680070E+003	4.91636597E+002
2.34872917E+003	4.98333984E+002
2.35065764E+003	4.97625854E+002
2.35258610E+003	4.93011597E+002
2.35451457E+003	4.80480042E+002
2.35644304E+003	4.94359467E+002
2.35837150E+003	4.94645020E+002
2.36029997E+003	4.93379608E+002
2.36222844E+003	4.92988831E+002
2.36415691E+003	5.06197205E+002
2.36608537E+003	5.08663269E+002
2.36801384E+003	5.02537781E+002
2.36994231E+003	5.06537079E+002
2.37187077E+003	5.21064331E+002
2.37379924E+003	5.24236328E+002
2.37572771E+003	5.09636047E+002
2.37765617E+003	5.18057007E+002
2.37958464E+003	5.36806213E+002
2.38151311E+003	5.29169861E+002
2.38344157E+003	5.28491089E+002
2.38537004E+003	5.26875183E+002
2.38729851E+003	5.39552734E+002
2.38922697E+003	5.47911804E+002
2.39115544E+003	5.50151306E+002
2.39308391E+003	5.54705811E+002
2.39501237E+003	5.57965088E+002
2.39694084E+003	5.49956909E+002
2.39886931E+003	5.47755371E+002
2.40079777E+003	5.45420044E+002
2.40272624E+003	5.52495605E+002
2.40465471E+003	5.74515442E+002
2.40658317E+003	5.58852478E+002
2.40851164E+003	5.60446716E+002
2.41044011E+003	5.81715332E+002
2.41236857E+003	5.83874756E+002
2.41429704E+003	5.60853516E+002
2.41622551E+003	5.52895081E+002
2.41815398E+003	5.68681274E+002
2.42008244E+003	5.79833069E+002
2.42201091E+003	5.80765808E+002
2.42393938E+003	5.74365479E+002
2.42586784E+003	5.67482605E+002
2.42779631E+003	5.85417725E+002
2.42972478E+003	5.94304077E+002
2.43165324E+003	5.93873352E+002
2.43358171E+003	5.68298401E+002
2.43551018E+003	5.75632751E+002
2.43743864E+003	5.89926819E+002
2.43936711E+003	5.74162292E+002
2.44129558E+003	5.93944946E+002
2.44322404E+003	5.85692810E+002
2.44515251E+003	5.68614868E+002
2.44708098E+003	5.88613586E+002
2.44900944E+003	6.03386841E+002
2.45093791E+003	5.89210693E+002
2.45286638E+003	5.92313232E+002
2.45479484E+003	6.03001160E+002
2.45672331E+003	5.87586548E+002
2.45865178E+003	5.84787292E+002
2.46058024E+003	5.87763428E+002
2.46250871E+003	5.82552979E+002
2.46443718E+003	5.85156189E+002
2.46636565E+003	5.99230164E+002
2.46829411E+003	6.06691162E+002
2.47022258E+003	6.01903015E+002
2.47215105E+003	5.82275391E+002
2.47407951E+003	5.84383606E+002
2.47600798E+003	5.93608032E+002
2.47793645E+003	6.00201355E+002
2.47986491E+003	5.92649658E+002
2.48179338E+003	5.87172729E+002
2.48372185E+003	5.86623047E+002
2.48565031E+003	6.07774780E+002
2.48757878E+003	5.77647766E+002
2.48950725E+003	5.79987366E+002
2.49143571E+003	5.96398071E+002
2.49336418E+003	5.74448242E+002
2.49529265E+003	5.86458191E+002
2.49722111E+003	5.99199219E+002
2.49914958E+003	5.99497559E+002
2.50107805E+003	6.00399536E+002
2.50300651E+003	5.97896973E+002
2.50493498E+003	6.01600098E+002
2.50686345E+003	6.10861694E+002
2.50879191E+003	5.99733887E+002
2.51072038E+003	6.05701294E+002
2.51264885E+003	6.16070313E+002
2.51457732E+003	5.95024902E+002
2.51650578E+003	5.93806946E+002
2.51843425E+003	6.19911011E+002
2.52036272E+003	6.14758667E+002
2.52229118E+003	6.07716858E+002
2.52421965E+003	6.13241821E+002
2.52614812E+003	6.10017517E+002
2.52807658E+003	6.06750610E+002
2.53000505E+003	6.18018921E+002
2.53193352E+003	6.27260986E+002
2.53386198E+003	6.07326904E+002
2.53579045E+003	6.17281067E+002
2.53771892E+003	6.40868347E+002
2.53964738E+003	6.24283569E+002
2.54157585E+003	6.11950256E+002
2.54350432E+003	6.06975586E+002
2.54543278E+003	6.07725342E+002
2.54736125E+003	6.22267761E+002
2.54928972E+003	6.19036072E+002
2.55121818E+003	6.18354797E+002
2.55314665E+003	6.28504761E+002
2.55507512E+003	6.25271973E+002
2.55700358E+003	6.16722717E+002
2.55893205E+003	6.28423401E+002
2.56086052E+003	6.27506897E+002
2.56278899E+003	6.00828735E+002
2.56471745E+003	6.22005981E+002
2.56664592E+003	6.36155029E+002
2.56857439E+003	6.19620850E+002
2.57050285E+003	6.24455566E+002
2.57243132E+003	6.28147095E+002
2.57435979E+003	6.41887634E+002
2.57628825E+003	6.37420349E+002
2.57821672E+003	6.21448425E+002
2.58014519E+003	6.37595276E+002
2.58207365E+003	6.42056030E+002
2.58400212E+003	6.45361816E+002
2.58593059E+003	6.37802917E+002
2.58785905E+003	6.52928040E+002
2.58978752E+003	6.41553955E+002
2.59171599E+003	6.41634827E+002
2.59364445E+003	6.48222534E+002
2.59557292E+003	6.52595703E+002
2.59750139E+003	6.38100281E+002
2.59942985E+003	6.29515869E+002
2.60135832E+003	6.47108765E+002
2.60328679E+003	6.56508179E+002
2.60521525E+003	6.54191406E+002
2.60714372E+003	6.57421814E+002
2.60907219E+003	6.35701416E+002
2.61100066E+003	6.53686890E+002
2.61292912E+003	6.54724731E+002
2.61485759E+003	6.67445190E+002
2.61678606E+003	6.39473511E+002
2.61871452E+003	6.53935242E+002
2.62064299E+003	6.64704102E+002
2.62257146E+003	6.59885803E+002
2.62449992E+003	6.54298218E+002
2.62642839E+003	6.60942078E+002
2.62835686E+003	6.65797913E+002
2.63028532E+003	6.66090271E+002
2.63221379E+003	6.71499084E+002
2.63414226E+003	6.67082275E+002
2.63607072E+003	6.53934753E+002
2.63799919E+003	6.65856323E+002
2.63992766E+003	6.64109314E+002
2.64185612E+003	6.68287354E+002
2.64378459E+003	6.68052124E+002
2.64571306E+003	6.69803223E+002
2.64764152E+003	6.75432983E+002
2.64956999E+003	6.70556396E+002
2.65149846E+003	6.66579773E+002
2.65342692E+003	6.71027771E+002
2.65535539E+003	6.79141785E+002
2.65728386E+003	6.80344849E+002
2.65921232E+003	6.87608826E+002
2.66114079E+003	6.84350525E+002
2.66306926E+003	6.78298767E+002
2.66499773E+003	6.93481201E+002
2.66692619E+003	6.95803284E+002
2.66885466E+003	6.74263184E+002
2.67078313E+003	6.69276794E+002
2.67271159E+003	6.93312256E+002
2.67464006E+003	7.07649536E+002
2.67656853E+003	6.98109436E+002
2.67849699E+003	6.98474731E+002
2.68042546E+003	7.07165039E+002
2.68235393E+003	7.02736877E+002
2.68428239E+003	7.04630981E+002
2.68621086E+003	7.13024231E+002
2.68813933E+003	7.11896545E+002
2.69006779E+003	7.23955566E+002
2.69199626E+003	7.01934326E+002
2.69392473E+003	7.19582336E+002
2.69585319E+003	7.15878723E+002
2.69778166E+003	6.93847168E+002
2.69971013E+003	7.02070679E+002
2.70163859E+003	7.04175720E+002
2.70356706E+003	6.97836304E+002
2.70549553E+003	7.11782532E+002
2.70742399E+003	7.06560303E+002
2.70935246E+003	7.01508362E+002
2.71128093E+003	7.13921021E+002
2.71320940E+003	7.14373962E+002
2.71513786E+003	7.18734680E+002
2.71706633E+003	7.04995239E+002
2.71899480E+003	7.25652039E+002
2.72092326E+003	7.24000854E+002
2.72285173E+003	7.30827026E+002
2.72478020E+003	7.33445068E+002
2.72670866E+003	7.30906494E+002
2.72863713E+003	7.35026855E+002
2.73056560E+003	7.34441223E+002
2.73249406E+003	7.21448364E+002
2.73442253E+003	7.23165649E+002
2.73635100E+003	7.24346130E+002
2.73827946E+003	7.35915100E+002
2.74020793E+003	7.39957886E+002
2.74213640E+003	7.47020203E+002
2.74406486E+003	7.50970337E+002
2.74599333E+003	7.38802246E+002
2.74792180E+003	7.37574524E+002
2.74985026E+003	7.63692017E+002
2.75177873E+003	7.71735535E+002
2.75370720E+003	7.52661377E+002
2.75563566E+003	7.54486816E+002
2.75756413E+003	7.64069336E+002
2.75949260E+003	7.57132751E+002
2.76142107E+003	7.61463562E+002
2.76334953E+003	7.61306030E+002
2.76527800E+003	7.62969727E+002
2.76720647E+003	7.61137024E+002
2.76913493E+003	7.48905151E+002
2.77106340E+003	7.74020447E+002
2.77299187E+003	7.62264954E+002
2.77492033E+003	7.68700623E+002
2.77684880E+003	7.80125488E+002
2.77877727E+003	7.89727722E+002
2.78070573E+003	7.83433228E+002
2.78263420E+003	7.69379883E+002
2.78456267E+003	7.81379517E+002
2.78649113E+003	7.78040527E+002
2.78841960E+003	7.83832764E+002
2.79034807E+003	7.93638550E+002
2.79227653E+003	7.69031555E+002
2.79420500E+003	7.84514893E+002
2.79613347E+003	7.78309814E+002
2.79806193E+003	7.82794983E+002
2.79999040E+003	7.82887939E+002
2.80191887E+003	8.02218140E+002
2.80384733E+003	8.00480408E+002
2.80577580E+003	7.91112244E+002
2.80770427E+003	8.11420959E+002
2.80963274E+003	7.87255981E+002
2.81156120E+003	7.80204041E+002
2.81348967E+003	7.97665527E+002
2.81541814E+003	8.07045166E+002
2.81734660E+003	8.19611877E+002
2.81927507E+003	8.22105591E+002
2.82120354E+003	7.97571655E+002
2.82313200E+003	8.19590210E+002
2.82506047E+003	8.20659851E+002
2.82698894E+003	8.10768433E+002
2.82891740E+003	8.10634460E+002
2.83084587E+003	8.13355896E+002
2.83277434E+003	8.29539185E+002
2.83470280E+003	8.25773682E+002
2.83663127E+003	8.26250183E+002
2.83855974E+003	8.23566772E+002
2.84048820E+003	8.45119385E+002
2.84241667E+003	8.45804688E+002
2.84434514E+003	8.43178894E+002
2.84627360E+003	8.32797241E+002
2.84820207E+003	8.27606262E+002
2.85013054E+003	8.39767578E+002
2.85205900E+003	8.61388489E+002
2.85398747E+003	8.63445923E+002
2.85591594E+003	8.49696899E+002
2.85784441E+003	8.48762573E+002
2.85977287E+003	8.48572327E+002
2.86170134E+003	8.50526733E+002
2.86362981E+003	8.61974487E+002
2.86555827E+003	8.62313110E+002
2.86748674E+003	8.50491455E+002
2.86941521E+003	8.64033936E+002
2.87134367E+003	8.75570801E+002
2.87327214E+003	8.67828186E+002
2.87520061E+003	8.76524414E+002
2.87712907E+003	8.71987793E+002
2.87905754E+003	8.66323303E+002
2.88098601E+003	8.73856140E+002
2.88291447E+003	8.72363647E+002
2.88484294E+003	8.70705200E+002
2.88677141E+003	8.65802856E+002
2.88869987E+003	8.90917419E+002
2.89062834E+003	8.78357849E+002
2.89255681E+003	8.95602661E+002
2.89448527E+003	8.85438965E+002
2.89641374E+003	8.97039490E+002
2.89834221E+003	8.97448792E+002
2.90027067E+003	8.91770935E+002
2.90219914E+003	8.96477539E+002
2.90412761E+003	9.05259583E+002
2.90605607E+003	9.12003296E+002
2.90798454E+003	9.18285278E+002
2.90991301E+003	9.20964966E+002
2.91184148E+003	8.93472656E+002
2.91376994E+003	8.97504761E+002
2.91569841E+003	9.07866211E+002
2.91762688E+003	9.08874023E+002
2.91955534E+003	9.18497864E+002
2.92148381E+003	9.44379944E+002
2.92341228E+003	9.21029053E+002
2.92534074E+003	9.10990540E+002
2.92726921E+003	9.32437378E+002
2.92919768E+003	9.47994995E+002
2.93112614E+003	9.45793579E+002
2.93305461E+003	9.42794678E+002
2.93498308E+003	9.30771484E+002
2.93691154E+003	9.24567688E+002
2.93884001E+003	9.13210449E+002
2.94076848E+003	9.31507813E+002
2.94269694E+003	9.49333618E+002
2.94462541E+003	9.52084167E+002
2.94655388E+003	9.47723694E+002
2.94848234E+003	9.58336548E+002
2.95041081E+003	9.50384888E+002
2.95233928E+003	9.55233643E+002
2.95426774E+003	9.46223389E+002
2.95619621E+003	9.77327515E+002
2.95812468E+003	9.67381592E+002
2.96005315E+003	9.74513733E+002
2.96198161E+003	9.84700562E+002
2.96391008E+003	9.72797485E+002
2.96583855E+003	9.66102112E+002
2.96776701E+003	9.76649658E+002
2.96969548E+003	9.84172119E+002
2.97162395E+003	9.79465027E+002
2.97355241E+003	9.66112305E+002
2.97548088E+003	9.74469116E+002
2.97740935E+003	9.92213379E+002
2.97933781E+003	9.92403564E+002
2.98126628E+003	1.01295276E+003
2.98319475E+003	1.02728003E+003
2.98512321E+003	1.01396484E+003
2.98705168E+003	1.01199927E+003
2.98898015E+003	1.00586761E+003
2.99090861E+003	1.00991357E+003
2.99283708E+003	1.01589874E+003
2.99476555E+003	1.02712720E+003
2.99669401E+003	1.03389600E+003
2.99862248E+003	1.03328723E+003
3.00055095E+003	1.01801208E+003
3.00247941E+003	1.01469885E+003
3.00440788E+003	1.04819141E+003
3.00633635E+003	1.04057141E+003
3.00826482E+003	1.03169116E+003
3.01019328E+003	1.03228467E+003
3.01212175E+003	1.03292480E+003
3.01405022E+003	1.04960095E+003
3.01597868E+003	1.05682642E+003
3.01790715E+003	1.04888159E+003
3.01983562E+003	1.06010547E+003
3.02176408E+003	1.06421313E+003
3.02369255E+003	1.05973120E+003
3.02562102E+003	1.05691626E+003
3.02754948E+003	1.06674805E+003
3.02947795E+003	1.05528687E+003
3.03140642E+003	1.04828369E+003
3.03333488E+003	1.08820129E+003
3.03526335E+003	1.07106519E+003
3.03719182E+003	1.07975818E+003
3.03912028E+003	1.07912317E+003
3.04104875E+003	1.08345972E+003
3.04297722E+003	1.08272339E+003
3.04490568E+003	1.09876074E+003
3.04683415E+003	1.09448291E+003
3.04876262E+003	1.08942786E+003
3.05069108E+003	1.09306702E+003
3.05261955E+003	1.08187598E+003
3.05454802E+003	1.08899597E+003
3.05647649E+003	1.10559363E+003
3.05840495E+003	1.10273743E+003
3.06033342E+003	1.10946082E+003
3.06226189E+003	1.12197070E+003
3.06419035E+003	1.10264514E+003
3.06611882E+003	1.11224561E+003
3.06804729E+003	1.13494495E+003
3.06997575E+003	1.12525635E+003
3.07190422E+003	1.12250879E+003
3.07383269E+003	1.11269800E+003
3.07576115E+003	1.11643286E+003
3.07768962E+003	1.14762036E+003
3.07961809E+003	1.12907935E+003
3.08154655E+003	1.15881885E+003
3.08347502E+003	1.15109277E+003
3.08540349E+003	1.15671948E+003
3.08733195E+003	1.16211157E+003
3.08926042E+003	1.17985620E+003
3.09118889E+003	1.16264209E+003
3.09311735E+003	1.15056433E+003
3.09504582E+003	1.15055420E+003
3.09697429E+003	1.17317700E+003
3.09890275E+003	1.18498242E+003
3.10083122E+003	1.16467139E+003
3.10275969E+003	1.17063647E+003
3.10468816E+003	1.20001868E+003
3.10661662E+003	1.21301575E+003
3.10854509E+003	1.20773889E+003
3.11047356E+003	1.19641528E+003
3.11240202E+003	1.19526929E+003
3.11433049E+003	1.21447144E+003
3.11625896E+003	1.22144214E+003
3.11818742E+003	1.21032556E+003
3.12011589E+003	1.19592004E+003
3.12204436E+003	1.22310681E+003
3.12397282E+003	1.22705286E+003
3.12590129E+003	1.22256250E+003
3.12782976E+003	1.22067114E+003
3.12975822E+003	1.18971094E+003
3.13168669E+003	1.20954504E+003
3.13361516E+003	1.23561792E+003
3.13554362E+003	1.22437366E+003
3.13747209E+003	1.22575916E+003
3.13940056E+003	1.24766467E+003
3.14132902E+003	1.25130884E+003
3.14325749E+003	1.24856372E+003
3.14518596E+003	1.26837378E+003
3.14711442E+003	1.25549597E+003
3.14904289E+003	1.28001733E+003
3.15097136E+003	1.27644055E+003
3.15289982E+003	1.26025696E+003
3.15482829E+003	1.26501587E+003
3.15675676E+003	1.27397620E+003
3.15868523E+003	1.26878198E+003
3.16061369E+003	1.26303882E+003
3.16254216E+003	1.27081860E+003
3.16447063E+003	1.27557703E+003
3.16639909E+003	1.26206458E+003
3.16832756E+003	1.29505762E+003
3.17025603E+003	1.29140613E+003
3.17218449E+003	1.29159619E+003
3.17411296E+003	1.29754224E+003
3.17604143E+003	1.30297058E+003
3.17796989E+003	1.28376624E+003
3.17989836E+003	1.30205334E+003
3.18182683E+003	1.31781934E+003
3.18375529E+003	1.31747632E+003
3.18568376E+003	1.31874780E+003
3.18761223E+003	1.32264038E+003
3.18954069E+003	1.31713171E+003
3.19146916E+003	1.34140698E+003
3.19339763E+003	1.32755164E+003
3.19532609E+003	1.32839087E+003
3.19725456E+003	1.32813135E+003
3.19918303E+003	1.33312646E+003
3.20111149E+003	1.35512622E+003
3.20303996E+003	1.36370569E+003
3.20496843E+003	1.34790210E+003
3.20689690E+003	1.35582104E+003
3.20882536E+003	1.38748047E+003
3.21075383E+003	1.37969116E+003
3.21268230E+003	1.37800134E+003
3.21461076E+003	1.37838184E+003
3.21653923E+003	1.39334302E+003
3.21846770E+003	1.37447778E+003
3.22039616E+003	1.39631616E+003
3.22232463E+003	1.39769409E+003
3.22425310E+003	1.39612927E+003
3.22618156E+003	1.37590051E+003
3.22811003E+003	1.41427075E+003
3.23003850E+003	1.41342444E+003
3.23196696E+003	1.38328601E+003
3.23389543E+003	1.42035181E+003
3.23582390E+003	1.42494141E+003
3.23775236E+003	1.44531006E+003
3.23968083E+003	1.45228638E+003
3.24160930E+003	1.44740552E+003
3.24353776E+003	1.43609814E+003
3.24546623E+003	1.42675891E+003
3.24739470E+003	1.44292615E+003
3.24932316E+003	1.44016980E+003
3.25125163E+003	1.44908582E+003
3.25318010E+003	1.45502466E+003
3.25510857E+003	1.45990784E+003
3.25703703E+003	1.47083154E+003
3.25896550E+003	1.46549646E+003
3.26089397E+003	1.46575061E+003
3.26282243E+003	1.49256348E+003
3.26475090E+003	1.47556787E+003
3.26667937E+003	1.49032556E+003
3.26860783E+003	1.49979138E+003
3.27053630E+003	1.51343884E+003
3.27246477E+003	1.50546570E+003
3.27439323E+003	1.48346716E+003
3.27632170E+003	1.49177563E+003
3.27825017E+003	1.50950549E+003
3.28017863E+003	1.53602173E+003
3.28210710E+003	1.55025220E+003
3.28403557E+003	1.54015308E+003
3.28596403E+003	1.53315088E+003
3.28789250E+003	1.53051196E+003
3.28982097E+003	1.54621680E+003
3.29174943E+003	1.55202417E+003
3.29367790E+003	1.54872229E+003
3.29560637E+003	1.55543652E+003
3.29753483E+003	1.55179346E+003
3.29946330E+003	1.56935583E+003
3.30139177E+003	1.55404712E+003
3.30332024E+003	1.53332336E+003
3.30524870E+003	1.56525452E+003
3.30717717E+003	1.58378442E+003
3.30910564E+003	1.57992761E+003
3.31103410E+003	1.59100317E+003
3.31296257E+003	1.62124207E+003
3.31489104E+003	1.61222095E+003
3.31681950E+003	1.59388464E+003
3.31874797E+003	1.61278577E+003
3.32067644E+003	1.62369653E+003
3.32260490E+003	1.59823596E+003
3.32453337E+003	1.62289771E+003
3.32646184E+003	1.62713354E+003
3.32839030E+003	1.63145752E+003
3.33031877E+003	1.61542786E+003
3.33224724E+003	1.62386047E+003
3.33417570E+003	1.63008752E+003
3.33610417E+003	1.62316235E+003
3.33803264E+003	1.64823389E+003
3.33996110E+003	1.66617798E+003
3.34188957E+003	1.66408179E+003
3.34381804E+003	1.66844617E+003
3.34574650E+003	1.66996045E+003
3.34767497E+003	1.67820459E+003
3.34960344E+003	1.69634863E+003
3.35153191E+003	1.66041174E+003
3.35346037E+003	1.67869373E+003
3.35538884E+003	1.68629907E+003
3.35731731E+003	1.69766138E+003
3.35924577E+003	1.72148962E+003
3.36117424E+003	1.68878516E+003
3.36310271E+003	1.67835815E+003
3.36503117E+003	1.71586108E+003
3.36695964E+003	1.72410779E+003
3.36888811E+003	1.74873352E+003
3.37081657E+003	1.71009277E+003
3.37274504E+003	1.71341663E+003
3.37467351E+003	1.71852136E+003
3.37660197E+003	1.72713647E+003
3.37853044E+003	1.73776465E+003
3.38045891E+003	1.71266797E+003
3.38238737E+003	1.70802441E+003
3.38431584E+003	1.72272656E+003
3.38624431E+003	1.73309692E+003
3.38817277E+003	1.72934253E+003
3.39010124E+003	1.74698181E+003
3.39202971E+003	1.73920386E+003
3.39395817E+003	1.72455798E+003
3.39588664E+003	1.75823608E+003
3.39781511E+003	1.75399719E+003
3.39974357E+003	1.77375195E+003
